5.211759712189224736e+00,4.317203745139279458e-02,-2.916506579529233312e-01,-1.403993724493773073e-05,-1.543953542790609479e+00,-4.901245749850348735e-03,3.712515472073868450e-01,5.012801281944467835e-01,2.893076058737838796e+00
4.317203745139279458e-02,6.480165327363633487e+00,-4.272382413999302742e-01,2.275634584529398374e+00,7.783243574044908415e-03,-4.639640002349004061e-02,-4.680470868885257957e-03,2.253324229955468438e-01,-7.728814932798044879e-02
-2.916506579529233312e-01,-4.272382413999302742e-01,8.257573824348707348e-01,-2.919552826770337450e-01,-1.709200458658692925e-02,-2.363656027125730051e-03,-6.106231686172195611e-02,-4.087586872605894484e-03,3.583645286857502915e-02
-1.403993724493773073e-05,2.275634584529398374e+00,-2.919552826770337450e-01,2.174953541433570336e+00,1.573881701583264292e-02,2.682611566494765704e-02,2.592099291280841079e-03,-2.491175798712799011e-02,-6.434511646731477796e-02
-1.543953542790609479e+00,7.783243574044908415e-03,-1.709200458658692925e-02,1.573881701583264292e-02,1.746259174266577840e+00,8.327941162923823901e-04,9.762290257921535375e-02,-3.502242501092460714e-01,-1.995458796430170434e+00
-4.901245749850348735e-03,-4.639640002349004061e-02,-2.363656027125730051e-03,2.682611566494765704e-02,8.327941162923823901e-04,1.960887434391808348e+00,5.815393569702394239e-02,2.442119429823114807e+00,-4.289908352769411515e-01
3.712515472073868450e-01,-4.680470868885257957e-03,-6.106231686172195611e-02,2.592099291280841079e-03,9.762290257921535375e-02,5.815393569702394239e-02,3.286770242683310084e+00,1.241428565169576392e-01,-1.453350388504476287e-01
5.012801281944467835e-01,2.253324229955468438e-01,-4.087586872605894484e-03,-2.491175798712799011e-02,-3.502242501092460714e-01,2.442119429823114807e+00,1.241428565169576392e-01,8.254836322828003503e+00,-1.993433793293991618e-01
2.893076058737838796e+00,-7.728814932798044879e-02,3.583645286857502915e-02,-6.434511646731477796e-02,-1.995458796430170434e+00,-4.289908352769411515e-01,-1.453350388504476287e-01,-1.993433793293991618e-01,7.093543032049935526e+00
