2.390897576924969403e+00,6.949659747562922374e-02,-2.154072959707407642e-01,5.382983311590320424e-03,-5.215122525188732316e-01,-7.833604635510558328e-03,4.626129612089829868e-01,7.056868826991062882e-01,1.907508183862549611e+00
6.949659747562922374e-02,3.530125798074336796e+00,-4.338577689868691745e-01,8.788282298389502589e-01,2.702390654952557467e-02,-7.637508692688113610e-02,-1.501264568641089148e-02,1.764994359676484992e-01,-2.060430909791383935e-01
-2.154072959707407642e-01,-4.338577689868691745e-01,1.805313051255109102e-01,-1.710728566705890796e-01,1.519764099894499974e-02,4.649874292639395376e-03,-7.231995560034076842e-02,-5.543243023343004394e-02,-8.531821869159333938e-02
5.382983311590320424e-03,8.788282298389502589e-01,-1.710728566705890796e-01,4.401554690297114214e-01,1.247688447460579622e-02,-6.292707035125378982e-03,6.940040630056470289e-03,1.345423534411629291e-02,-7.823850583146893523e-02
-5.215122525188732316e-01,2.702390654952557467e-02,1.519764099894499974e-02,1.247688447460579622e-02,3.091527802655714141e-01,1.432343540328567463e-04,3.311864295787243524e-03,-2.454529487524995668e-01,-6.354261196744344087e-01
-7.833604635510558328e-03,-7.637508692688113610e-02,4.649874292639395376e-03,-6.292707035125378982e-03,1.432343540328567463e-04,3.813591895359053074e-01,5.914393692921951495e-02,8.570386786628798603e-01,-3.340824449508638105e-01
4.626129612089829868e-01,-1.501264568641089148e-02,-7.231995560034076842e-02,6.940040630056470289e-03,3.311864295787243524e-03,5.914393692921951495e-02,1.352022396509161783e+00,3.444506430306023548e-01,-8.624575681739909960e-03
7.056868826991062882e-01,1.764994359676484992e-01,-5.543243023343004394e-02,1.345423534411629291e-02,-2.454529487524995668e-01,8.570386786628798603e-01,3.444506430306023548e-01,4.757454214617918176e+00,-4.001445425796280597e-01
1.907508183862549611e+00,-2.060430909791383935e-01,-8.531821869159333938e-02,-7.823850583146893523e-02,-6.354261196744344087e-01,-3.340824449508638105e-01,-8.624575681739909960e-03,-4.001445425796280597e-01,3.865606313044199549e+00
