7.267728113632296316e-02,4.186715492706284680e-02,-1.248517008290993616e-02,3.390062963769309261e-03,-1.474939046721286543e-03,-4.007089018705107045e-03,1.172324432410539741e-01,-2.573500277424634747e-02,6.770533183541331546e-02
4.186715492706284680e-02,1.378562320299842603e-01,-1.189564147098322658e-02,1.016686148274207994e-02,1.435548546304341207e-03,-7.185424584801687262e-03,5.158039992302982518e-02,3.167217326940833383e-02,-3.197009192483635243e-02
-1.248517008290993616e-02,-1.189564147098322658e-02,2.374973163103566518e-03,-9.607999173117845026e-04,1.329830346886679373e-04,8.848785442676093552e-04,-2.018338323219903002e-02,3.335666107668365694e-03,-8.930300320997716645e-03
3.390062963769309261e-03,1.016686148274207994e-02,-9.607999173117845026e-04,8.300098549937646314e-04,1.037655179584551994e-04,-5.126384220510427081e-04,4.894225478920207623e-03,1.480906314681709442e-03,-1.592973666333058740e-03
-1.474939046721286543e-03,1.435548546304341207e-03,1.329830346886679373e-04,1.037655179584551994e-04,1.565044792575075584e-04,-4.612125063803547366e-05,-1.514039665747592914e-03,2.491090055071793104e-05,-2.719307418406938237e-03
-4.007089018705107045e-03,-7.185424584801687262e-03,8.848785442676093552e-04,-5.126384220510427081e-04,-4.612125063803547366e-05,9.402438642434751822e-04,-1.419935992237692825e-03,9.419376500480119291e-03,-4.513407440982135019e-03
1.172324432410539741e-01,5.158039992302982518e-02,-2.018338323219903002e-02,4.894225478920207623e-03,-1.514039665747592914e-03,-1.419935992237692825e-03,4.766806179857841497e-01,3.204596472184276235e-02,3.938498638227001802e-02
-2.573500277424634747e-02,3.167217326940833383e-02,3.335666107668365694e-03,1.480906314681709442e-03,2.491090055071793104e-05,9.419376500480119291e-03,3.204596472184276235e-02,4.982145336890288490e-01,-1.611754963321614664e-01
6.770533183541331546e-02,-3.197009192483635243e-02,-8.930300320997716645e-03,-1.592973666333058740e-03,-2.719307418406938237e-03,-4.513407440982135019e-03,3.938498638227001802e-02,-1.611754963321614664e-01,2.306260947874251288e-01
